1 56 40 120 124
2 4 36 111 92
3 25 10 111 59
4 24 10 95 46
5 45 12 127 52
6 28 28 128 82
7 66 4 127 55
8 0 0 113 116
9 19 10 125 98
10 3 7 116 70
11 32 3 125 73
12 2 11 93 83
13 36 6 113 48
14 89 6 128 117
15 13 70 73 112
16 23 12 102 51
17 1 41 110 127
18 4 0 127 72
19 13 3 120 57
20 46 23 118 67
21 0 40 67 100
22 16 39 104 84
23 5 12 94 44
24 0 3 120 86
25 11 10 127 90
26 0 7 101 65
27 2 32 98 66
28 0 4 101 100
29 14 9 107 48
30 31 15 109 52
31 36 0 120 31
32 23 10 123 96
33 2 3 107 42
34 2 42 83 95
35 17 7 127 57
36 39 51 117 89
37 0 0 124 111
38 23 59 80 111
39 17 10 116 89
40 8 17 114 72
41 0 19 74 75
42 0 14 107 80
43 33 0 106 49
44 7 2 88 32
45 74 36 128 67
46 12 9 127 87
47 5 4 124 72
48 21 5 127 119
49 50 62 115 106
50 17 16 119 52
51 10 54 92 93
52 60 42 117 76
53 4 11 119 73
54 5 0 126 83
55 18 1 76 44
56 5 13 87 60
57 15 17 127 66
58 10 3 110 75
59 60 36 127 77
60 35 22 103 75
61 0 41 110 100
62 43 0 111 43
63 74 16 121 46
64 25 17 64 47
65 11 31 62 67
66 37 19 117 54
67 0 3 103 79
68 19 13 92 77
69 56 26 124 74
70 16 29 120 90
71 6 46 104 85
72 39 1 128 66
73 53 8 127 117
74 22 79 115 121
75 11 20 109 61
76 35 4 88 44
77 34 20 93 116
78 0 0 109 98
79 34 45 106 92
80 97 1 128 39
81 0 36 127 125
82 52 32 103 63
83 2 4 116 52
84 0 3 126 37
85 3 2 115 70
86 18 18 81 62
87 30 16 127 51
88 0 0 54 68
89 2 18 89 68
90 5 13 74 63
91 13 3 98 38
92 14 29 94 80
93 3 0 113 103
94 11 11 113 64
95 44 8 109 61
96 7 12 127 81
97 2 41 113 86
98 4 10 125 86
99 10 3 120 58
100 33 60 111 107
101 6 21 107 54
102 0 25 49 102
103 76 33 120 66
104 51 0 108 38
105 53 20 117 72
106 2 6 121 76
107 27 7 128 70
108 67 4 126 34
109 27 14 105 45
110 1 46 58 76
111 62 16 115 91
112 26 23 87 65
113 27 54 100 112
114 6 11 120 94
115 23 13 105 69
116 2 4 122 73
117 1 14 112 77
118 10 21 115 74
119 20 19 120 74
120 24 15 67 58