1 86 10 122 45
2 15 2 126 82
3 4 0 115 71
4 25 19 90 58
5 31 0 116 123
6 22 0 119 123
7 56 4 126 61
8 7 60 72 98
9 72 2 108 41
10 33 29 99 84
11 19 33 76 90
12 11 3 93 110
13 32 19 116 66
14 5 0 128 101
15 55 23 95 68
16 3 7 122 113
17 0 2 116 100
18 31 8 128 77
19 60 2 123 56
20 4 8 116 59
21 13 23 122 94
22 0 45 70 127
23 0 63 87 127
24 11 14 109 102
25 18 26 94 67
26 55 4 101 38
27 4 3 111 76
28 0 16 57 102
29 4 0 105 92
30 19 25 113 122
31 57 21 126 51
32 3 71 69 112
33 7 1 117 85
34 13 11 123 89
35 16 1 126 99
36 14 9 125 84
37 83 7 127 49
38 18 0 103 70
39 0 5 60 91
40 8 12 102 59
41 84 11 127 56
42 19 5 110 85
43 15 0 121 84
44 39 16 100 66
45 38 5 108 65
46 28 40 113 102
47 12 9 111 126
48 1 3 92 107
49 14 3 120 106
50 44 19 119 57
51 35 2 105 70
52 57 12 112 53
53 14 19 117 101
54 70 1 110 55
55 18 17 111 102
56 21 77 79 109
57 11 11 108 42
58 34 10 112 128
59 5 4 128 75
60 13 0 114 51
61 11 52 109 118
62 7 12 65 57
63 47 4 122 128
64 0 1 112 116
65 52 41 119 92
66 16 15 116 88
67 35 16 123 73
68 19 31 100 79
69 0 13 71 120
70 0 6 90 103
71 41 77 93 112
72 51 38 98 82
73 6 2 115 108
74 7 5 125 121
75 16 24 50 58
76 10 3 105 52
77 4 0 95 70
78 4 33 98 87
79 0 19 48 58
80 13 37 110 76
81 18 57 95 108
82 18 8 117 67
83 10 19 109 81
84 17 8 97 62
85 15 8 76 47
86 9 27 84 75
87 6 4 123 85
88 26 0 128 99
89 21 4 125 127
90 0 13 103 79
91 30 13 112 50
92 10 1 111 105
93 42 13 111 104
94 31 50 88 82
95 45 22 121 56
96 25 0 102 102
97 3 13 90 69
98 48 22 88 71
99 40 53 108 107
100 0 0 120 107
101 26 21 105 63
102 9 4 127 68
103 32 8 127 82
104 8 14 91 76
105 28 20 94 59
106 28 14 118 53
107 19 5 97 51
108 2 5 124 83
109 40 5 108 63
110 15 2 127 64
111 11 30 106 60
112 2 0 117 128
113 59 25 127 74
114 4 6 92 94
115 12 1 119 110
116 40 35 114 87
117 41 46 105 87
118 2 0 90 75
119 15 21 100 88
120 34 45 115 104